4.8292e-05
4.61776e-05
4.53372e-05
4.31831e-05
4.41081e-05
4.12291e-05
4.02611e-05
3.88123e-05
3.52091e-05
3.64099e-05
3.52011e-05
3.37462e-05
3.08683e-05
3.2307e-05
2.65299e-05
2.67601e-05
2.21897e-05
2.57911e-05
2.26712e-05
2.338e-05
1.90486e-05
2.36229e-05
2.00106e-05
1.8811e-05
1.61586e-05
1.61552e-05
1.9287e-05
1.47112e-05
1.37439e-05
1.85578e-05
1.51891e-05
1.66322e-05
1.47099e-05
1.08496e-05
1.54299e-05
1.51853e-05
9.64207e-06
1.10921e-05
1.51834e-05
1.06065e-05
9.16247e-06
1.10896e-05
1.10887e-05
1.10857e-05
1.22928e-05
8.4362e-06
1.15694e-05
1.22941e-05
1.20513e-05
9.40007e-06
8.67898e-06
7.47459e-06
7.47534e-06
5.78857e-06
6.02646e-06
1.06036e-05
8.91909e-06
3.85925e-06
8.43592e-06
7.23219e-06
6.26759e-06
6.26815e-06
8.43446e-06
8.43539e-06
6.26627e-06
4.09973e-06
5.54442e-06
8.67495e-06
4.82156e-06
5.06277e-06
5.06325e-06
6.02632e-06
3.85853e-06
5.30356e-06
5.06191e-06
7.22992e-06
7.47124e-06
8.19317e-06
5.30354e-06
6.2671e-06
4.33775e-06
3.13471e-06
3.85652e-06
3.37444e-06
5.54372e-06
6.26686e-06
2.41163e-06
1.92879e-06
4.58048e-06
5.30228e-06
3.85483e-06
3.37509e-06
3.37492e-06
2.41171e-06
2.41095e-06
6.26533e-06
2.89348e-06
6.98904e-06
4.57854e-06
3.37527e-06
4.8192e-06
1.44753e-06
5.78392e-06
2.89223e-06
2.89302e-06
2.89219e-06
3.37419e-06
3.85616e-06
1.92776e-06
2.8926e-06
1.44669e-06
5.06102e-06
2.89236e-06
4.33804e-06
2.89204e-06
4.82082e-06
1.92802e-06
4.33777e-06
2.89142e-06
2.41044e-06
9.65052e-07
1.92912e-06
2.41061e-06
4.33743e-06
3.37418e-06
1.92848e-06
4.33754e-06
3.37405e-06
4.09674e-06
1.44661e-06
4.33754e-06
2.41004e-06
9.64941e-07
1.68699e-06
2.8918e-06
1.92829e-06
2.65077e-06
1.44644e-06
3.85485e-06
1.92776e-06
9.64509e-07
1.92897e-06
1.92821e-06
1.92837e-06
1.92816e-06
1.92835e-06
4.82468e-07
2.41012e-06
9.64178e-07
2.40993e-06
9.64502e-07
1.44626e-06
1.92752e-06
9.64132e-07
2.41059e-06
9.64412e-07
9.64356e-07
1.44613e-06
9.64471e-07
1.44619e-06
2.40986e-06
1.92805e-06
1.92739e-06
9.64305e-07
2.89109e-06
9.64293e-07
9.63863e-07
5.51983e-10